ElNLEITUNG 11

11131131 11111 333333113131 13111313 1111 133 1331131133, 133333
3311131113 811133 31 13313113113333 der stadt 333331131313111.
1131111311 131 1313131333 113111 333 11131311 333 331333 (1311311133
331333311; 33133 1131331133 1113113131 33 31313311 1113 3111311311 313
331 11131131 3113 33131111331133313133333. 01133111 133 Thema,
1133 33 13 331333 (1311311133 1311331311, die Liebe 333 113113 1131
Nemesis und die Liebe 3331 1331131133, 3133331331333133131,
weiss er 3313311 331 133 3333113313 33131113133. ί1131Ρ33313
1331111311, 13 133333 1113313311 sich hin und 11313131313113311133
133333333311 3133831313113113113113331313 1333311, 131 313133-
1113133113 8131331313 113311, 313 11311331 31311 1113 313 33311311131-
lensehleg‚ 133333131 3311111333 33311 3313113131, euch 11333
31311131 31113 113113131131333313111. Der Grundgedenke 13 jeder
111331313331113331311313111311331 1313131131111133113311111131311
die genre Elegio hin 1313133 wieder 13113131)

Preperz 131 133 331313 1133331311 133 Tibull; 31 11111311 31311
33111 3131133113113131 des 11311131331133 331 Philetas 33 3313 331
3131111 13 31313311131331131 Μ33131 13113313131331 3311313313311313
Prunk und 3311333333 1311313. Men 1111113 eber sehr 11133,
1131113 1333 3333111333, 1313 ihm eides 1131131133 133 (1313113331-
11311113Η3331333113 33113333 were. Μίῑ 1331 8311313311 13313131
1311113131 31 3133 3311333 111113 1131310313311311311111113131111113111
113 13113333131111311311131133Η313333 331 1131113 1313131333
131311; 1113113 13131331333 31313311131331133 131111113111 1131131133]
1113113333. 131 1133133 Distiehens 1113111111 31 ’1111311 33311 in·
331313, 313 3113331333 33113133 (1311311133 133 mehr als 31131-
311111333 1333333 133 133131331313 13311111131313131131; 331131
333131131 31 sich in 1311131111( 3111331313311131133 3131113113)
Propere 11311133, 3133 1331 11313313131 331 Ρ33133131313331313-
33313 verbalem-m, die 33313313111111333 13313111, 33311 3133111313-
31111333 1131133 133 1111333 133Ρ33133131313 313133 13313-
1333 133 31131133 Η3311311311131113 131 11313313131 33 3313331) Zu-
13113313313313131333 neuen 631331133133 331333 3313 131311
313131331313131131, 131 Ρ33131113131331 1111111 1113 113 11313-
3313113111)

0111 131 13131113131113133113 131311331131; 33133 Spreehe

131113133313131113313313311,33111313131311131113. 111131 eben
33131311131113 331 1111311113 3131 euch 33133 1131331133. Ε1 331311
3111 Ε1113113133333, 331 311 haben 311133113111111, 313 311 33 ihm

-——-——

1) 13. 131131 re e. 11 1311.
31 311 1311 31, ee ee,1e.

 

